65488 66529 1
12633 9344 1
47063 73 1
60005 50276 1
65488 65213 1
28850 73 1
73 7907 1
65488 76751 1
65488 72896 1
38150 9344 1
73 37297 1
65488 65040 1
7480 18127 1
7476 50276 1
83725 78368 1
9358 9344 1
50322 73 1
56326 50276 1
78368 88150 1
46448 73 1
6406 9344 1
56591 50276 1
61631 753 1
20014 32669 1
51127 55125 1
57276 50276 1
77153 65488 1
78368 91926 1
36853 33176 1
73 55715 1
78368 88018 1
65488 76961 1
65488 66217 1
77992 92103 1
9344 47301 1
73 47301 1
753 62963 1
93125 77992 1
9344 45426 1
30505 16410 1
73 56131 1
50276 58195 1
753 23142 1
78121 78368 1
16202 73 1
46996 9344 1
12617 27764 1
73 27764 1
78368 88671 1
9344 31078 1
73 55423 1
9344 48367 1
9344 27750 1
78368 78846 1
73 27809 1
50276 58069 1
73 49140 1
73 49375 1
77584 65488 1
77992 92846 1
16951 9344 1
16951 73 1
73 36044 1
9344 4496 1
73 4497 1
50276 61323 1
30661 9344 1
84955 78368 1
58510 50276 1
25361 9344 1
65488 77619 1
88651 78368 1
16677 73 1
463 13209 1
78368 89474 1
65488 64948 1
9344 2070 1
64949 65488 1
11366 109 1
73 54819 1
-----------------
Query Time is: 0.080396 s / 1000 query records.
